rFour score and seven years ago,

1<<20
1x2^20-1=1048576
00000000 00000000 00000000 00000001
00000000 00000000 00000000 00100000
===================================
00000000 00010000 00000000 00000000

1<<8
1x2^8=256
00000000 00000000 00000000 00000001
00000000 00000000 00000000 00001000
===================================
00000000 00010000 00000001 00000000

8>>2
8/2^2=2
00000000 00000000 00000000 00001000
00000000 00000000 00000000 00000010
===================================
00000000 00000000 00000000 00000010
